
all_theta =

 Columns 1 through 8:

  -3.24037   0.00000   0.00000   0.00008  -0.00076  -0.00083   0.00132  -0.01645
  -3.25338   0.00000   0.00000  -0.00003   0.00040  -0.00092  -0.01640  -0.00912
  -4.95861   0.00000   0.00000  -0.00001  -0.00012   0.00337   0.01368  -0.01977
  -2.40424   0.00000   0.00000  -0.00001  -0.00002   0.00154  -0.00092   0.00119
   0.60997   0.00000   0.00000  -0.00000   0.00008  -0.00083  -0.00742  -0.00316
  -3.63421   0.00000   0.00000  -0.00000   0.00002  -0.00013  -0.00025  -0.00143
  -2.04721   0.00000   0.00000  -0.00003   0.00018   0.00069   0.00444   0.03926
  -8.33957   0.00000   0.00000  -0.00001   0.00005   0.00009  -0.00012  -0.00780
  -5.54753   0.00000   0.00000  -0.00000   0.00002   0.00044  -0.00590  -0.00388
  -6.39281   0.00000   0.00000  -0.00000  -0.00001   0.00013   0.00095   0.00006

 Columns 9 through 16:

  -0.00080   0.00052   0.00047   0.00007   0.00037   0.00164   0.00144   0.00406
  -0.01319  -0.00159  -0.00860  -0.00324   0.00402   0.00546   0.00239  -0.00499
  -0.00624  -0.00094  -0.00952  -0.00292  -0.00351  -0.01303   0.01704   0.02828
   0.05827   0.04439   0.07483   0.02273  -0.00341   0.00510   0.03127   0.01182
  -0.01520  -0.00913  -0.00138   0.00011   0.00176   0.00832  -0.03839  -0.06064
  -0.00106  -0.00021  -0.00042  -0.00014   0.00008   0.00009   0.00036   0.00053
   0.00158  -0.00194  -0.00562  -0.00204   0.00011   0.00035  -0.00446  -0.00163
  -0.00658   0.00064   0.00009   0.00001   0.00004   0.00014   0.00066   0.00187
  -0.00040  -0.01829  -0.00983  -0.00012   0.00121   0.00204   0.00372   0.00420
  -0.00047  -0.00084  -0.00169  -0.00035   0.00036   0.00062   0.00653   0.00575

 Columns 17 through 24:

   0.00534   0.00045  -0.00008  -0.00000   0.00000  -0.00000   0.00001  -0.00105
  -0.00244   0.00387  -0.00012  -0.00002   0.00000  -0.00000  -0.00001   0.00062
  -0.00225  -0.00070  -0.00001   0.00001   0.00000  -0.00000   0.00000   0.00043
  -0.00047   0.00023   0.00003  -0.00001   0.00000  -0.00000   0.00010  -0.00010
   0.00004   0.00093   0.00000  -0.00001   0.00000  -0.00000  -0.00001  -0.00064
   0.00012   0.00002   0.00000  -0.00000   0.00000   0.00000  -0.00001  -0.00001
   0.00032   0.00003   0.00000  -0.00000   0.00000  -0.00000   0.00000   0.00026
   0.00141   0.00016   0.00001  -0.00000   0.00000  -0.00000  -0.00001   0.00008
   0.00136   0.00101   0.00014  -0.00002   0.00000  -0.00000  -0.00001  -0.00001
  -0.00000   0.00002   0.00000  -0.00000   0.00000  -0.00000  -0.00001  -0.00002

 Columns 25 through 32:

   0.00868   0.00996   0.00191  -0.02206   0.00010   0.00029  -0.00918  -0.00118
  -0.00415   0.01338   0.15339  -0.08647  -0.17898  -0.03110  -0.03375  -0.02952
  -0.00350  -0.01223  -0.04808  -0.11562  -0.08308  -0.06464  -0.06118  -0.03508
  -0.00826  -0.04433  -0.00561  -0.12242  -0.76099  -0.28222  -0.03455   0.07798
   0.00678   0.01999   0.02478  -0.00180  -0.07344  -0.04600  -0.02379   0.00441
  -0.00026   0.00836   0.01097   0.00103   0.00350   0.01152   0.00856   0.01074
  -0.00173  -0.00965  -0.09178   0.09241   0.20077   0.11770   0.06468   0.00621
  -0.00004   0.00032   0.01068  -0.00051  -0.02884  -0.03928  -0.02123   0.00494
   0.00131  -0.00535  -0.00139  -0.01158  -0.09949  -0.20170  -0.07432  -0.00330
   0.00157   0.00226  -0.00980   0.00293   0.00583   0.00189   0.01505   0.01495

 Columns 33 through 40:

  -0.00408  -0.01790  -0.01065  -0.03671  -0.05018   0.00568   0.00901   0.00031
  -0.06490  -0.06261  -0.02646   0.03668   0.02508  -0.04715   0.00621   0.00114
   0.04792   0.12751  -0.22968  -0.33876   0.01544  -0.01286  -0.03236  -0.00474
   0.05251   0.02374  -0.29299  -0.12113   0.01163   0.00026   0.00128   0.00062
  -0.01452  -0.09242   0.41830   0.66891  -0.00247  -0.01138  -0.00388   0.00022
   0.00247   0.01378   0.00676   0.00072   0.00144   0.00062   0.00013   0.00003
  -0.02592  -0.04078   0.04581   0.03285   0.00751   0.01253   0.00768  -0.00084
   0.00215  -0.00190  -0.00091  -0.00459   0.00843   0.01735   0.01010   0.00061
  -0.02152  -0.02413  -0.02304  -0.03201  -0.01018  -0.00722   0.00358  -0.00143
   0.01632   0.01052  -0.04947  -0.06231  -0.01007   0.00742   0.00665  -0.00027

 Columns 41 through 48:

   0.00017   0.00000  -0.00027   0.00030   0.02487   0.06091   0.09027   0.08906
   0.00009   0.00000   0.00029   0.00340  -0.01962  -0.34340  -0.26941  -0.38890
   0.00060   0.00000  -0.00013  -0.00684   0.06204   0.38305   0.81477   0.69090
   0.00022  -0.00002  -0.00130   0.01079   0.09649   0.23780  -0.00074  -0.22712
   0.00002   0.00000  -0.00002   0.00972  -0.07297  -0.33553  -0.68342  -0.84703
   0.00001  -0.00001   0.00015  -0.00125   0.01140  -0.07855  -0.39978  -0.20099
   0.00033   0.00000  -0.00001  -0.00026   0.00240  -0.00943   0.25038   0.19311
   0.00038   0.00000  -0.00010   0.00028   0.00819   0.00842  -0.08901  -0.22362
  -0.00216   0.00000   0.00003   0.00031  -0.00348  -0.05469  -0.14006  -0.19077
   0.00001   0.00000   0.00006   0.00006  -0.00681  -0.02631  -0.06408  -0.11216

 Columns 49 through 56:

  -0.05548  -0.08399  -0.02288  -0.03687  -0.00506  -0.05516  -0.16000  -0.26336
  -0.45164  -0.27518   0.06784   0.44499   0.64149  -0.05063  -1.01652  -0.42195
   0.31825  -0.09680  -0.07140  -0.13397  -0.20328   0.34660   0.69742   0.35730
  -1.86749  -1.81256  -0.46746   0.21217  -0.95255  -1.55013  -1.31608  -0.30355
  -0.25825  -0.11851   0.01167   0.00547  -0.07649  -0.20539   0.81315   1.30375
  -0.36028  -0.62264  -0.51889  -0.27014  -0.10595  -0.15308  -0.11829  -0.08305
   1.81173   2.67485   1.76207   0.84716   0.85736   0.32816  -0.13441  -0.25171
  -0.19854  -0.04022   0.02954  -0.03396   0.00464  -0.06726  -0.28916  -0.55583
  -1.06416  -1.69448  -0.60615  -0.15790  -0.21998  -0.12519  -0.09562  -0.04915
  -0.18529  -0.27212  -0.30305  -0.44773  -0.57450  -0.44479  -0.73689  -0.41859

 Columns 57 through 64:

  -0.20594  -0.04424   0.04790   0.00065  -0.00040   0.00000   0.00124   0.00465
   0.13637  -0.35335  -0.07965   0.03663  -0.00303   0.00016  -0.00003  -0.04689
   0.24571   0.38901   0.63247   0.03094  -0.00470   0.00000   0.00106  -0.02834
  -0.02188  -0.03671  -0.02961   0.00584   0.00037   0.00011   0.00056  -0.07029
  -0.33245  -0.20780   0.00720   0.00213   0.00020   0.00001   0.00118   0.03408
  -0.00111  -0.00067  -0.00134  -0.00010  -0.00014  -0.00008  -0.00011   0.01894
  -0.29665  -0.23226  -0.16855  -0.02259  -0.00206   0.00000   0.00000   0.00722
  -0.44293  -0.19901  -0.11657  -0.00006  -0.00453   0.00000   0.00146  -0.00250
  -0.11673  -0.07100  -0.12937   0.02551   0.03974   0.00000   0.00051   0.00158
   0.12628  -0.04096  -0.09120   0.01121   0.00233   0.00000   0.00072   0.00226

 Columns 65 through 72:

  -0.15570  -0.56988  -0.89696  -1.21926  -0.71925  -0.78904  -0.07185   0.32037
   0.07525   0.11533   0.25910   0.51424   0.56945   0.09980  -1.41176  -0.30532
   0.09673   0.58386   0.42423   0.37406  -0.12046  -0.67774  -0.54088  -0.53632
   0.11795   0.98958   0.20964   0.98952  -0.37693  -0.13343   0.90251   0.90357
  -0.42443  -1.12867  -1.47751  -0.90790  -0.29296  -0.15752  -0.54102  -0.67175
  -0.06181  -0.64674  -0.50378  -0.16286  -0.51846  -0.25935   0.80903   0.66572
  -0.05315  -0.38281   0.26153   0.02506   1.31416   1.00559   0.97620   0.42200
  -0.13546  -0.25919  -0.81179  -0.90937   0.22900   1.00524   0.64785  -0.56820
  -0.06302  -0.27826  -0.65116  -0.81953  -1.14062  -0.71507  -0.30838  -0.05540
  -0.09596  -0.22232  -0.31812  -0.58548  -0.49898  -0.29630   0.08483   0.45428

 Columns 73 through 80:

  -0.10589  -0.00613  -0.50843  -0.67916  -1.01769  -1.36655  -1.31131  -0.03189
   1.12326   0.21115  -0.07456   0.54351  -0.19586  -0.30681  -0.72214  -0.34040
  -0.23205   0.87740   1.57392   1.47792   0.21416   0.71073   1.32956   0.21108
  -0.56678  -2.16933  -1.51456  -0.84352  -0.68165  -0.29342  -0.17601  -0.06044
  -0.19117   0.13390  -0.00108  -0.03536   0.24402  -0.01207   0.33062  -0.01588
   0.29942  -0.42939  -0.34061  -0.25577  -0.39256  -0.09157   0.00623  -0.00206
   0.68849   1.49915   0.12486  -1.05137  -0.71462  -0.49450  -0.03825   0.28325
  -0.43892  -0.04688  -0.05973  -0.09276  -0.88356  -0.90283  -0.59069  -0.06107
   0.74439   0.08348  -1.24787  -1.19285  -0.63750  -0.28425  -0.08979   0.00154
  -0.13327  -0.07868  -0.42169  -0.18467   0.75240   0.32353  -0.01878  -0.06381

 Columns 81 through 88:

  -0.01672   0.00000   0.00634  -0.04865  -0.14234  -0.40899  -2.83206  -2.19164
   0.01778   0.00191  -0.00633  -0.11991   0.44685  -0.23236  -0.59549   0.12374
  -0.02914   0.00000  -0.00319  -0.02709   0.30581   0.66954   0.03476   0.59209
  -0.02043   0.00128   0.00623  -0.25879  -0.87564  -0.10087  -0.63935  -0.09363
  -0.00483  -0.00001   0.00643   0.03792  -1.08199  -2.09679  -1.09381  -0.07701
  -0.00083  -0.00306  -0.01701  -0.08940  -0.07703  -0.25017  -0.03737  -0.16587
  -0.01140   0.00000   0.00088   0.03065  -0.41476  -0.37430   1.54247   0.83827
  -0.01686   0.00001   0.00329  -0.00474  -0.34224  -0.95013  -1.26249  -0.14396
  -0.01281   0.00001   0.00060   0.00504  -0.09091  -0.73872  -1.18768  -0.76336
  -0.02031  -0.00001   0.00181   0.00031  -0.21027  -0.45619  -0.25790  -0.42222

 Columns 89 through 96:

   0.00418   1.32509   1.97608   0.01564  -0.48249   0.06720  -1.02335  -1.03524
  -0.36275  -1.98942  -2.43357  -0.27229   0.61145   1.05729   0.37449  -0.04260
   0.65283  -1.09262  -1.13721  -0.99316  -0.99538  -0.23199  -0.12026   1.12100
  -0.95459  -1.04351  -0.24687   1.98674  -0.32336  -1.04126   2.08744   0.03185
   0.10265   0.53786   0.30450  -0.87432  -1.23230   1.17211   0.98521  -1.23987
  -0.09998   0.90854   0.61892   0.95792   0.57226  -0.39519  -1.09787  -0.61807
  -0.51320  -1.45563  -0.60951   0.36678   0.29760   0.51493  -1.48911  -1.96087
   0.90296   0.44190  -0.01480  -1.22869  -0.85940  -0.15154  -0.63791   0.31791
   0.69350   2.39075   0.75882  -0.62968   0.27772   0.36741  -1.00547  -0.82447
  -0.30131   0.67323   1.10799   1.67156   0.45457   0.66183   0.77183  -0.33792

 Columns 97 through 104:

   1.75617   0.19311  -1.21600  -0.22990  -0.03796  -0.00002  -0.01495  -0.11800
   0.28811   0.65196  -0.87523  -1.02662   0.01137  -0.01384  -0.13562   0.05969
   0.02894   0.29135   1.15256   0.11819  -0.05679   0.00007  -0.01099  -0.06139
  -2.29873  -1.13576   0.46296  -0.95714  -0.21335  -0.00007  -0.00739  -0.10766
   0.30734   0.33479  -0.11121  -0.10883   0.00114  -0.00011   0.01264  -0.06564
  -1.22644  -0.79958  -0.30853  -0.01001  -0.00209   0.02351   0.14002   0.29403
  -1.44985  -0.49955   0.63242   0.38243  -0.26276  -0.00010   0.00235  -0.01830
   0.48986  -0.52246  -0.67154  -0.34166  -0.00383  -0.00012  -0.00143   0.04530
  -0.96824  -1.10600  -0.15666   0.04498  -0.22381  -0.00007   0.00114   0.01366
   0.83648   1.14879   0.12231  -0.20305  -0.06042  -0.00020   0.00362  -0.03194

 Columns 105 through 112:

   1.49190   0.11450  -0.77885  -1.42823  -0.78035   2.22300   1.46206  -1.94455
   0.82915   0.35053   0.44357   0.46060  -0.20526  -2.79777  -2.09960   1.40744
   0.53653   0.47111  -0.27126  -0.11856  -0.18051  -1.22492  -0.41421  -0.92587
  -0.86826  -0.41801  -0.53338   0.83434  -0.13606   0.11857   0.74470   0.97502
  -1.03236  -0.86701  -0.97579  -1.11042  -0.04270   0.97976   1.18800  -0.86458
  -0.02162  -0.81433  -1.87752  -0.92874  -0.21743  -0.78428  -0.00391   1.16903
  -0.33585   0.29990   0.95203   0.98231   0.37822   0.91742  -1.27034  -0.55078
  -0.42490  -1.14264   0.14420   0.46176   0.74927  -0.08970  -0.45895  -0.32280
  -0.30227  -1.29628  -0.63271  -0.18642  -0.13605   0.65950   1.01738   0.07915
  -0.33520  -0.66976  -0.33038  -1.15138  -0.45791   0.36468   0.14757   0.96133

 Columns 113 through 120:

  -1.21358  -0.16791  -1.56435  -1.57388   3.71777   0.90350  -3.07658  -0.66031
   0.89685  -0.12974   1.34197   0.04536   0.18977   1.36010  -0.08181  -1.29470
  -1.55878  -0.48253  -0.23739   0.45755  -0.66184   0.03178   1.93250   0.17335
   0.21898   1.46855  -1.73428  -1.32842  -1.77105  -0.07312  -0.88243  -2.09613
  -2.69213   0.63947   1.33357   0.49813   0.40147   0.62814  -1.09658  -0.67469
  -1.89146   0.56426  -0.60341  -1.77047   0.83501  -0.85343  -0.77534  -0.01764
  -0.33065   0.36381  -2.19960  -1.70776  -0.74264  -0.08160   1.06958   0.90663
  -1.00707   0.14348  -0.58410  -0.67226   0.97073  -0.53857  -0.36846  -0.59499
  -0.89773  -0.22797   0.08952   0.11099  -0.03742  -0.39109  -0.25575  -0.08402
   1.77070   0.39669   1.47873   0.21198  -0.52290  -1.45687  -0.65895  -0.32786

 Columns 121 through 128:

  -0.04350  -0.00015   0.01326  -0.75692  -0.32922  -0.54515  -1.39726  -0.64250
  -0.04241  -0.07598  -0.40719   0.32115   0.96898   0.04734  -0.21926   0.80853
  -0.10815   0.00016  -0.00875  -0.12216  -0.29372  -0.11301  -0.20855  -0.59736
  -0.45507   0.00220  -0.02789  -0.41809  -0.40342   0.46054  -0.02711  -1.38941
  -0.01807   0.00224  -0.01369  -0.26423  -0.61299   1.03216   0.78445   0.70550
  -0.00731   0.14185   1.13573   0.93028  -0.26825  -0.27084  -0.77551  -0.28772
  -0.12585   0.00021  -0.00180  -0.07246  -0.03256   0.38254  -0.45879   0.94072
  -0.03591  -0.00003  -0.00878   0.04968  -0.41789  -0.67830   0.03805   1.00983
  -0.10731  -0.00003   0.00182   0.01098  -0.49467  -1.43594  -0.58303  -0.03360
  -0.04395   0.00317  -0.02734  -0.34336  -0.81916  -0.96126  -0.20661  -1.17676

 Columns 129 through 136:

  -0.97297  -0.57028  -1.13248  -0.95362  -0.66174  -0.21281  -0.87653  -1.77314
   0.31260  -2.55794  -1.60574   0.55092   0.42690  -0.57135   0.80764   0.65317
  -0.75474  -0.83498  -0.40768   0.61760  -0.82034  -0.61386  -0.25944   0.30583
  -0.92258   0.54519   1.38042   0.45445   0.82789   2.21411  -0.99752  -0.82758
   0.48772   0.04490   0.17254   0.26573   0.13518  -2.57963  -1.29854   1.31210
   0.71242   1.25807   0.67518   0.85811   0.62394   1.94392   1.31851   0.15967
   0.20526   0.27650  -1.32396   0.48239  -0.29262  -0.13103  -1.97900  -0.10122
   0.50410   0.01014   0.05832  -0.38626  -1.17609   0.82913   0.85570  -0.09749
  -0.46474   0.37286   0.84936  -0.22535  -0.22156   0.66208   0.22892  -1.37470
   0.17347  -0.30514  -0.03620   0.06938   0.90219   0.27534  -0.00836   0.03736

 Columns 137 through 144:

  -1.81704  -0.04139  -1.73625  -1.08404  -0.02795  -0.00078   0.04595  -1.50702
  -0.08793  -1.09563  -0.76910  -1.15983  -0.08674  -0.05152  -0.34955   0.99465
   0.16348   0.14115   0.51701   0.17095  -0.12625   0.00024  -0.00767  -0.01249
  -0.93258   0.57846   0.34537  -1.03080  -0.22478  -0.00460  -0.86803  -2.08626
   0.06365  -0.08314   0.11213  -0.62184  -0.13991   0.00242  -0.03183  -0.50166
   1.74248  -0.15529  -1.09032  -0.06460  -0.01108   0.12188   0.84892   0.21956
   1.02251  -0.84705   0.15399   0.71113  -0.13729   0.00017   0.00276  -0.16555
   0.04489  -0.80741   0.15130  -0.80124  -0.11767   0.00182  -0.02517   0.00320
  -0.19614  -0.00240  -0.70962   0.78153   0.17608  -0.00217  -0.01733   0.00020
  -0.03647   0.18476  -1.04034  -0.72560  -0.02450   0.00435  -0.03675  -0.96143

 Columns 145 through 152:

  -2.59346  -0.86292  -1.07047   0.06035  -0.74961   0.71891  -2.20892  -2.23780
  -0.01575  -0.40224   0.41841   0.43380  -0.17418  -1.90772  -0.64977  -0.97845
  -0.12769   0.93915  -0.10506  -0.28390  -1.27117  -0.59204  -0.56860   0.08186
  -0.07006  -0.11048  -0.24737   0.20905  -0.05468   0.02503   1.79835  -0.67490
  -1.17058  -0.23885  -0.39857  -0.97604   1.20280   0.52615   0.12164   0.42277
  -0.19944  -0.22517  -0.64065  -1.33699  -0.07492  -0.15680   0.28225   0.73114
  -0.01377   0.35122  -0.09726   0.52503  -0.46890  -0.62354  -0.31353  -0.25498
  -0.12110  -0.24063  -0.40191   0.56728   1.26868   0.09988  -0.53518  -0.22576
  -0.61005   0.05993   0.65048  -0.50291   0.72490   1.44705   0.33608  -0.20652
  -1.04309   0.14729   0.85054  -0.40878   0.12689   0.37249   0.76793   1.23254

 Columns 153 through 160:

  -1.18349  -2.20793   1.38395   2.18411  -0.81771  -0.05226   0.01487  -2.40628
   0.71272  -0.03904   0.07424   0.48730   0.95357  -0.83731  -0.94292  -1.07491
  -0.29514  -2.06858  -1.10912  -0.71788  -0.25171   0.51132  -0.13100   0.35310
   0.10023  -1.34429  -0.94017  -1.07863  -0.66439  -0.56125  -0.69826  -2.13609
   1.34476  -1.18131  -0.53730   1.09866  -0.17037  -0.12957   0.50911  -0.62437
  -0.08193   0.37554   1.15955   0.48257   0.81190  -0.27107  -1.68418  -0.07008
  -1.03308  -0.73443  -0.99398   0.11130  -0.41441  -1.27106  -0.21652   0.62272
  -0.09629   1.48819   0.64736   0.19670  -1.14200   0.48174  -0.15962  -1.29404
   0.69126   0.23164  -0.03082  -1.35838  -0.10729  -1.27765  -0.63094   0.33369
  -0.09747   1.11714  -0.18845   2.14472   0.87872   2.01658  -0.14794  -1.51985

 Columns 161 through 168:

  -0.00144   0.01904  -0.23389  -1.16722  -0.56434  -1.81706  -1.32716   0.22123
  -0.14689  -0.03303   0.26357   0.99656  -0.37703   0.47907   0.56234  -0.52859
  -0.10509   0.00130  -0.01227   0.12962  -0.07199   0.51149  -0.29634  -0.47932
  -0.15829  -0.07678  -1.03918  -1.69690  -0.36059  -0.66815  -0.88992  -0.65472
  -0.15709   0.00331  -0.10669  -0.00591  -0.34721   0.38146   0.76642   1.22350
  -0.01379   0.01950   0.05967  -0.66042  -1.75134  -0.16328  -0.27745  -0.63743
  -0.18983   0.00227  -0.02008  -0.29368  -0.30304  -0.10254   0.32691   0.87930
  -0.16259   0.00171  -0.01698  -0.07912   0.08666   0.04174  -0.64932   0.56051
  -0.48803  -0.00607  -0.07293  -0.14212   0.47949   1.22303  -0.20733  -0.37115
  -0.22544   0.00274  -0.04359  -1.46126  -0.35142  -0.15972  -0.26889  -0.76180

 Columns 169 through 176:

   0.14698  -0.38767  -2.14386  -0.50508   0.58338  -0.82201  -1.85120   0.52431
   0.42186  -1.19864  -0.64501   0.42522   1.05606   0.71576   0.91657   0.64448
  -1.42208   0.24400   0.08036   0.28628   0.45344  -1.51436  -0.48309  -0.55810
  -0.22171   0.70787   2.03329   2.07040   1.39720  -0.76773  -0.62201  -0.71960
   0.58796   0.33013   1.11376  -0.03524  -0.16386  -0.77133  -0.12212  -0.33726
  -1.02743   0.04489   0.53629   0.45837   0.59066   1.84383   1.26393   1.08590
   0.51578  -0.44292  -1.79666  -1.13518  -0.99865   0.30729  -0.25515   0.27025
   0.20321   0.45591   1.11457   1.32932   0.44183   0.06570   0.90906   0.16717
  -0.02327   0.51899   0.33619  -0.61064   0.13759  -0.19816   0.04529  -1.23723
  -0.11389   0.44093  -0.56949   1.25326   1.12018   1.33565   0.96323   1.81401

 Columns 177 through 184:

  -0.12729  -0.93756  -1.51005  -2.83503  -0.42517   0.03932  -0.44644  -0.21170
   0.70915  -0.18254  -0.84784  -0.82748  -0.09752  -0.04925   0.32172   0.45559
  -0.21437   0.28771   0.12291   0.15014  -0.24806   0.00242  -0.04910   0.58727
  -1.85211  -0.29566  -0.52260  -2.46569  -0.15841  -0.10745  -1.03482  -3.00492
   0.91154   0.78203   0.40022  -0.51583  -0.16105   0.01800  -0.26721   0.16554
   0.75442  -1.01455  -1.70103  -0.07226  -0.01757   0.00622   0.35865   0.34939
   0.48467  -0.45804   0.52785   0.60763  -0.35416   0.00609  -0.05966  -0.43598
  -1.19522   1.27299  -0.44568  -1.25192  -0.27356   0.00380  -0.04589  -0.22356
  -0.38151  -0.74484  -0.64778   0.37853  -0.84445  -0.00126  -0.11854  -0.41406
   0.31570   1.46616   0.22920  -1.06756  -0.35718   0.00109  -0.13735  -0.84800

 Columns 185 through 192:

  -0.70668  -0.89478  -0.42500  -0.24695   0.18488   0.45907   0.48629   1.06037
   0.79944   0.09342  -0.76650   0.44305  -0.67985  -1.83083  -0.59204  -0.18375
   0.45530   0.22127   0.30147   0.61105  -0.80236   0.52129   0.43506   0.22439
  -1.40445  -0.88227  -1.83510  -0.66335  -0.72639   0.26168  -0.42958  -0.14209
  -0.61068  -0.63462   0.28752  -1.35984   0.82374   0.05927   1.01512  -0.26205
  -1.98197  -0.19709  -1.34286  -0.13167  -0.23260   1.07929  -0.39157  -0.11036
  -0.63877  -0.18272   0.55338  -0.35730   0.99207   0.41155  -2.49291  -0.88740
  -0.24131   1.23872  -0.24151  -0.07390   0.94919   1.57114   0.06497   0.21707
  -0.35078   0.96066   0.59134   0.52122  -0.86774  -0.54627   0.38819   0.68562
   0.55985   0.28712   0.84322   0.58954   0.21862  -0.69474  -1.24009   0.72490

 Columns 193 through 200:

   0.64898   0.90548   0.66669   0.15042  -1.41442  -0.20548  -0.26128  -2.07471
   0.21587   0.16386   0.87780   0.22028   0.20743  -0.08404  -0.41358  -0.77740
   0.33773  -1.27906  -0.61072   0.08212  -0.13972  -0.12024   0.56696   0.28753
  -0.04707   1.27505   2.28252  -1.09515  -0.70769  -0.38739  -0.96730  -2.71966
  -0.00490  -1.91364   0.02405  -0.05458   0.28514  -0.46175  -0.19916   0.12695
  -1.02210   0.02935   0.77023   1.01759   1.36219   0.03794  -2.15056  -0.29161
  -0.86657  -0.30178  -0.32019  -0.04484   0.47861  -0.31977  -0.97249   0.09065
   1.16156   0.47998   0.08957  -0.65909   0.61969   1.25744   0.15551  -1.20971
   0.08021   0.08756  -0.35413  -0.97374  -0.00830  -0.58747  -1.07224   0.59381
  -2.22153  -2.65407  -1.90085   0.05787  -0.85129   1.56066  -0.18773  -0.53069

 Columns 201 through 208:

  -0.12178   0.02572  -0.24534   0.69519  -1.39404  -2.31185   0.32608  -0.40448
  -0.07555   0.09318  -1.12999  -0.46954   0.91992   0.32666  -0.35215   0.48451
  -0.43604   0.00207  -0.04154   0.09716  -0.23936  -0.41169   0.63667  -0.53670
  -0.44361  -0.08280  -1.65032  -3.31890  -0.15057  -0.80830  -1.63487  -1.42150
  -0.25228   0.03275  -0.51015  -0.73759  -0.39337  -0.11905   0.09034  -0.47669
  -0.00881   0.01248   0.55276   0.86115  -1.09869  -0.24147  -0.11740  -0.73442
  -0.07177   0.00050  -0.02182  -0.53625  -0.26510  -0.12308  -0.54160   0.94545
  -0.35222   0.00989  -0.10082  -0.53670   0.16458   0.91075  -0.58566  -0.55082
  -0.91667   0.00293  -0.15886  -0.38214  -1.21791   0.76684   2.11354   1.09775
  -0.29671  -0.00892  -0.16409   0.11164   0.55607  -0.26158   0.61532   0.73275

 Columns 209 through 216:

   0.55534   2.89653   2.88384   1.98838   2.29035  -0.02211   1.27350  -0.02841
  -0.55636  -0.62545  -1.52248  -0.39322   0.51692   0.22384   0.44476   0.29499
   0.21983   1.15367   0.25996   0.06223  -0.24228  -1.66360  -1.00666   0.13527
  -2.95028  -0.93671  -0.47262  -0.76511   0.47682  -0.02458   0.66015   0.41175
   0.41663  -1.05497  -0.31745  -0.86312   0.33674  -1.16473   0.83531  -1.08980
  -1.16885  -0.28058  -0.31365   2.22395   0.16485  -0.04507   0.63388   0.53444
   0.23469   0.55435  -1.57426  -0.60473  -1.04149   1.03930   0.18090  -0.77029
  -1.37323   0.14629   0.84960  -0.11125   0.34461   0.26577  -1.24606  -0.93141
   0.97299  -0.12721   0.53642   0.25907  -1.48609   0.38143  -0.10786  -1.24861
  -0.08821  -0.90588  -2.25889  -3.69528  -4.28669  -1.50990  -1.25024  -1.89385

 Columns 217 through 224:

   0.11208  -0.26866  -1.53953  -1.59860   0.04335   0.00759  -0.15278   0.48392
  -1.09563  -0.22789  -0.24897  -0.96999  -0.05380   0.27530  -0.83307  -0.88133
   0.05511   0.12627   0.02207  -0.62468  -0.38849   0.00309  -0.07073   0.34625
  -0.38881  -0.50006   0.10732  -1.10426  -1.05668  -0.29344  -1.10696  -2.14259
   0.34309   0.38250   0.67861  -0.29317  -0.27662   0.03548  -0.50160  -1.31327
   0.23140   0.07667  -2.54747  -0.49056  -0.02050  -0.01173  -0.09411   0.45732
  -0.37457  -0.77514   1.44285  -0.14269  -0.41627  -0.00000  -0.01586  -0.36097
   0.26169  -0.47402   0.84564  -0.93762  -0.24741   0.01086  -0.14578  -0.68440
  -0.12307  -0.66977  -1.59556   1.40777   0.10719   0.00636  -0.16795  -0.58030
   0.41174   0.67251  -0.49764  -1.19174  -0.11923  -0.02490  -0.47489  -0.90586

 Columns 225 through 232:

   2.08030   0.64842  -0.49218  -0.90230   1.81817   1.30149   0.44489  -0.95845
   0.15916   0.42195  -0.13161  -0.86698  -0.05887   0.35124  -0.41692  -0.54657
   0.67209   0.37887  -0.24142   0.83022   1.44413  -0.32815   0.79616   0.24642
   0.68598  -0.26400  -2.25272   1.06579  -0.37292   1.57780  -0.11549   0.73057
  -0.72882  -0.40230  -0.64147  -0.61008  -1.49398   0.50599  -1.56985  -0.13028
  -0.87364  -0.72482  -0.65780  -0.65675  -2.05555  -0.58772  -0.44084  -0.53684
  -1.56351   0.45631  -0.29186   0.68986   1.52088   1.54167   0.23153  -0.11564
   0.00746   0.24685  -0.00663  -0.09605  -0.59197  -0.17865   1.86012   0.76426
  -1.74697   0.62196   1.92895  -0.55156  -0.56557   0.43790   0.32336   1.32391
   0.16157   0.66995   0.34684  -0.31437  -0.65673  -0.91208  -2.28793  -2.21016

 Columns 233 through 240:

   0.18104  -1.83011  -1.12432   0.64044   0.86574   0.79491  -2.65311  -1.76817
   0.28760   0.39218   0.02238   0.39728  -0.77010  -0.51070  -0.85487  -1.18539
   0.05731   0.64686   0.61108   0.22254   0.37357   0.17070  -0.31351  -0.99072
   2.25389   1.04234   0.62712   0.96986  -1.54037  -0.17350  -0.97289  -1.38277
  -1.74701   0.63924  -0.45487  -0.94538   0.16368  -0.13756   0.09641  -0.42836
  -0.11768  -1.30915   0.77058   0.69716   1.28485   0.13853  -1.45459  -0.24647
  -0.91807   0.38253  -1.00670  -0.12012  -0.38470   0.03667   0.21784  -0.37043
   0.69067   0.23239   0.30615  -0.61599  -0.43539  -0.23164   1.18401  -0.76844
   1.27119  -0.50750  -0.05178  -0.77509  -0.50322  -1.13557  -0.12463   0.10052
  -0.14750  -0.64714  -0.26812  -0.95852   0.10848  -0.74736  -0.67877  -0.93698

 Columns 241 through 248:

  -0.05513   0.02109  -0.18092  -2.22430  -2.64883  -1.38324  -1.95528  -0.43327
  -0.10773   0.08113  -0.65947  -1.28595   0.50492   0.38665  -1.13827   0.72485
  -0.26754   0.00371  -0.05463   0.90504  -0.27138  -0.26955   0.45096   0.01364
  -0.56217  -0.06188  -1.42964  -3.47924   0.46158  -0.38832  -1.10370  -0.73314
  -0.19012   0.03961  -0.45082  -1.70205   0.81731  -0.41603  -0.57140   0.45227
  -0.01810  -0.04134   0.32471   0.46934  -1.42697  -0.21948  -0.31534  -2.18755
   0.05658   0.00274  -0.01858  -0.05393  -3.07113  -0.01857   0.48931   0.53937
  -0.11124   0.01380  -0.16749  -1.07376   0.26804   0.95214  -0.88538   0.35168
  -0.21892   0.01956  -0.19235  -0.95128  -2.45088   1.15635   0.88327  -0.17441
   0.01529   0.05299  -0.80564  -0.53331  -0.01805  -0.28158   1.36560   0.04993

 Columns 249 through 256:

   0.01412   0.12515   0.12062   0.86205   1.07737  -0.92956  -0.77912  -1.15956
  -0.09302  -1.04815   0.17533   0.28266  -0.96284   0.56111   0.52984  -0.38494
   0.32950   0.63988   1.00432  -0.59758  -0.39117   0.18540  -0.09741  -0.31898
  -0.33759  -0.08989   1.32445  -0.04344  -0.20320   0.67306  -1.43177   0.02091
  -2.28159  -0.10608  -0.81001   0.10981  -0.76958   0.82125  -0.03161   0.63638
  -1.54011   0.22263  -0.12445  -0.01517   0.37723  -0.13251   1.00329  -0.38869
   0.55343   1.73798  -0.52437   0.07129   1.12841  -0.71858  -0.05004  -0.17454
   0.09803  -0.85837  -1.23547   0.47136  -0.89272  -0.07703  -0.70691  -0.46400
  -0.27447   1.30854  -0.20948   0.92619  -0.11412  -0.05232   0.87417  -1.28264
   1.06452   0.76866   0.03587   0.29113  -0.83103  -0.12601  -0.39682  -0.82260

 Columns 257 through 264:

  -1.15742   2.12638   0.65502  -0.84606  -0.11143   0.01694  -0.23117  -0.87601
   0.38938   0.77490   0.21432  -0.51443  -0.06976   0.05950  -0.91232  -1.32302
   0.67459   0.19175  -0.58400  -0.80994  -0.11806   0.00206  -0.03594   0.67747
   0.47750   1.62242  -0.68945  -2.86228  -0.45890  -0.00159  -0.70872  -1.75647
  -0.57987   0.01967  -0.19840  -0.41571  -0.21864   0.02213  -0.25125  -1.34698
   0.61161  -1.12364  -1.04800  -0.16018  -0.00769  -0.06759   1.04134   1.10645
  -0.59491  -1.29669  -0.52293   0.68053   0.35542   0.00218  -0.01363  -0.04612
   0.77300  -0.09976   0.52986  -0.57322  -0.06313   0.01556  -0.18455  -0.62082
  -0.83055  -0.86741   0.11687   1.64404  -0.17197   0.01566  -0.15796  -0.76497
  -1.97475  -0.40088  -0.28495  -0.35617  -0.02196   0.03292  -0.37750  -0.23521

 Columns 265 through 272:

   1.42616   0.66086   1.80748  -0.84765  -1.20782   1.20867  -1.35273  -1.27401
  -0.60960   0.64310  -0.60665   1.05557  -0.39602  -1.26697  -0.45379  -0.74263
  -0.06930  -0.31039   0.71419  -0.39960   0.24628   0.80375  -0.54859  -0.37054
  -1.29779  -1.13472   0.66337  -0.40196   0.15877  -0.37568   0.99363   1.10222
  -0.38073   0.09369  -0.53259   0.23273  -1.32469  -1.27947  -0.40475  -0.30795
  -0.79799   0.79444  -2.16564  -2.64239  -0.40429  -0.70033  -0.69290  -0.55476
  -2.18220  -1.22054   0.00723   0.19875   0.49088   1.63294  -1.12733   0.08907
   0.40930  -0.50532   0.04999  -0.17863   0.08469   1.03065  -0.67755  -0.75007
  -2.08472   0.71624  -0.45433  -0.54371   0.81075   0.01176   0.66681  -0.50854
   0.21316  -0.43574   0.93537   1.04148   1.41933   0.86415  -1.01127  -0.83344

 Columns 273 through 280:

  -2.40636  -1.28338   1.22293   1.58961  -0.79549   1.16779   0.33318  -0.71270
   0.37353   0.00365  -0.25371   0.09942   0.48483  -0.44028   0.83087  -0.09438
   0.16087   1.52383   0.48990  -0.07667   0.06867   0.14366   0.22598   0.12981
   0.82349   0.29149  -0.19529  -1.28957   0.03399   0.86995  -1.33236  -1.43499
  -0.01066  -1.03144   0.67668  -0.72780   0.14336   0.10040  -0.52999  -0.81245
  -0.04959  -0.03369   0.24290   0.02208   2.00525  -0.21258  -0.85319  -0.15844
   1.05532   0.36802  -0.43738  -1.15958  -1.30001  -1.43030  -0.91069   0.77757
  -0.61701  -0.98806  -0.60514   0.17063   0.15425   0.27370   0.64857  -0.12652
  -1.08557   0.41790  -0.58538  -0.02609  -0.27745  -1.64018  -0.28389   1.73048
  -0.29345   0.35747   0.00380  -0.78205  -1.44609   0.26069  -0.40836  -0.31967

 Columns 281 through 288:

  -0.03547   0.00243  -0.01635  -0.51312  -0.58008  -0.21203  -0.52259  -1.02744
  -0.08151   0.03486  -0.46262  -0.09016  -0.80209  -0.09465  -0.25992   0.12456
   0.05435  -0.00052  -0.00741   0.21431  -0.96167  -0.43441   0.36999   0.61869
  -0.11080   0.03309  -0.46037  -0.58213   1.25915   0.70593  -0.78268  -0.58453
  -0.29535   0.01778  -0.29271  -0.38810   0.01992   0.26467   0.97748  -0.02359
   0.00087   0.03420   0.65734   0.87317   1.21953  -0.92066  -2.78024  -0.16951
   0.40880   0.00064  -0.00078  -0.02937  -1.21728  -1.08183   0.28319   0.07188
  -0.03494   0.00657  -0.06478  -0.67709  -0.02005   0.00750  -0.12201   0.30649
   0.41823   0.00165  -0.05519  -0.44550  -1.58673  -0.10126   1.04816  -0.55715
   0.00805   0.00108  -0.07081  -0.43091  -0.15677   1.13633   0.35290  -1.37746

 Columns 289 through 296:

  -0.72666  -2.24948  -2.02765  -1.06196  -1.87054  -1.31347   1.77548  -0.83591
   0.87536   0.41681   0.14960  -0.31716   0.58181  -0.57074  -0.49164   0.88655
   0.38083  -0.19959  -0.49973   0.07673  -0.15659   0.09535  -0.20161   0.25459
  -0.46605  -1.51718   1.12649  -0.24599  -0.06851   0.31595   0.95818  -0.20145
  -1.98560  -2.42423   1.10413  -0.70921   0.37404   0.06816   0.27604   0.52126
   0.08452  -1.48626   0.44650   0.97204  -1.18757   1.22381  -0.38852   0.13719
   0.53719   0.30438  -0.18054   0.46760   0.92389  -0.22806  -1.21205  -0.81576
   0.89475   1.08657  -0.04615  -1.25351   0.73080  -0.29858  -0.90145  -0.14324
  -0.40576   1.55085   0.66219   0.50149  -0.89458  -0.12313   0.84354   0.36559
   0.19293   1.04190  -0.37442  -0.16083   0.66626  -0.42672   0.07942  -1.29106

 Columns 297 through 304:

  -0.26545   2.06186  -1.12318  -0.63095  -0.03718  -0.00015   0.01636  -0.15273
   0.67722  -0.91915   0.79408  -0.34594  -0.02740   0.00267  -0.11530  -0.28541
   0.50963   0.32545  -0.32093   0.21050   0.16105  -0.00032   0.01274  -0.09034
   0.49774   0.11914  -1.52627  -0.98864  -0.12467   0.03743  -0.49905  -0.17681
   0.64057  -0.14298  -0.18371  -0.95694  -0.20470   0.02511  -0.31800  -0.33049
   0.26051  -0.58063  -0.51650  -0.10906  -0.00853   0.00496   0.29277  -1.19006
  -0.79568  -1.30331  -1.29132   0.28667   0.30996  -0.00000   0.00148   0.01369
  -0.79623  -0.19389   0.45615  -0.10927  -0.03888  -0.00009  -0.00184  -0.29284
  -0.79142  -0.89557   0.52359   1.40967   0.26625  -0.00233  -0.00341  -0.07041
  -0.31171   0.10365  -1.13619  -0.41830  -0.01594   0.00224  -0.02882  -0.74621

 Columns 305 through 312:

  -1.16398  -1.08445   0.93230  -0.36442  -1.41576  -1.17502  -0.88402  -1.23809
  -1.07024  -0.47700   0.73934  -0.34853   0.14519  -0.24807  -0.45370  -0.88982
  -0.92224  -0.76045  -0.85349   0.58320   0.43783  -0.74239  -0.97218  -0.21558
   1.01882   0.21075   1.38146  -0.45918   0.70186   0.41649   0.13661   0.44709
   0.65811   0.32534   0.37699   1.02775  -0.79567  -3.26609   0.46589  -0.01822
  -0.03515  -0.81800  -0.86356  -1.36788  -1.88479   0.56363   0.04480   1.56626
  -0.73458  -0.42729   0.26229   0.34422   0.03535   0.18866   0.97063   0.38322
   0.20092   0.30289  -0.50008  -0.22421   0.64627   0.08929   0.62707  -0.89158
  -1.21582  -1.88455   0.77849  -0.61636   0.05150   1.05740   0.77550   0.80636
  -0.62876   0.83198  -0.66406  -0.04276   1.29832   0.80736  -0.43800   0.08837

 Columns 313 through 320:

  -1.59666  -1.49965  -1.34232  -0.62817   0.53310   0.12220  -1.31823  -0.01500
  -0.17807   0.73571   0.35111   0.23632   0.87820   0.37293   0.26784  -0.29070
   0.31260   0.91537   0.52896   0.82119   0.72709  -0.29433  -0.03866   0.23130
  -0.39460  -1.65422  -1.77795  -0.17516   1.04573   0.70867  -1.38805  -1.63225
  -0.31758   0.38285   0.06828  -0.56013   0.25000   0.47364  -0.50524  -1.00849
   0.13219  -0.93598  -0.99808   0.36586  -1.60023  -0.88382  -0.19106  -0.08627
   0.52596  -1.33580  -0.75335  -0.67730  -0.25424  -1.07440  -0.60808   0.27579
  -0.61505  -0.10705   0.04587   0.66132   0.04774   0.50375   0.08648  -0.18701
  -0.68083  -1.30311  -0.48608  -0.52341  -0.88727  -0.28689   1.34913   1.54133
  -0.53292   0.47772   0.84964  -0.58989   0.40010  -0.34963  -0.73655  -0.44875

 Columns 321 through 328:

  -0.00761  -0.00001  -0.01169   0.08111   0.64577  -0.93400  -0.96064  -1.16268
   0.00707  -0.00213   0.01580  -0.16262  -0.99755  -1.00086  -0.55122  -0.47950
   0.01215   0.00002   0.00859  -0.09099  -0.39474  -0.41654  -0.52646  -0.43265
  -0.64362   0.00819  -0.10993   0.02564   0.33712   1.46622   0.33576  -1.38309
  -0.65027   0.00484  -0.04843  -0.13433   0.22880   0.26685   0.07881   0.30952
  -0.08665  -0.00575   0.08147  -1.73807  -0.61347   0.52071  -0.79237  -1.11128
   0.92106  -0.00000   0.00120   0.01438  -0.36144  -0.41285  -0.29874   0.49531
  -0.03239   0.00380  -0.03687  -0.16968  -0.41458   0.13664   0.54924   1.42734
   0.07292  -0.00041   0.00285   0.00535  -0.58901  -1.78209  -1.34722  -1.78146
  -0.19700   0.00052  -0.00472  -0.15066  -0.01445  -0.08404  -0.49639  -0.01598

 Columns 329 through 336:

  -0.92228  -0.44082  -0.30745  -0.18331  -0.31984  -0.85587   0.24009   0.75084
  -0.41259  -1.25709  -0.33161  -1.28123  -1.28924   1.32970   0.30294  -0.03057
   0.06370  -0.33406  -0.78236   0.00699   0.73615   0.19080  -0.98091  -0.87892
   0.28310  -1.12577  -1.46650   0.24121   1.23928   1.01225  -2.18389  -0.90506
  -0.75749  -4.56230  -3.58891  -1.00797  -0.61838  -0.12976   0.45094   1.25951
  -1.36487   0.38080   0.03978   0.95832   1.00257   0.51613   0.29542  -0.03426
   0.93261  -0.23331  -0.54514  -0.50256   0.23034  -1.32848  -1.31659  -1.50828
   1.42278   0.65635   0.42730  -0.14081  -0.46510  -0.57254   0.28810   0.45552
  -0.64518   0.24393  -0.58272  -0.78234  -1.25264  -1.43705  -0.48452   0.31606
   1.07176   0.77403   0.67356   1.56457   0.59204  -0.10037  -1.50459  -1.27016

 Columns 337 through 344:

   0.19404  -0.54096  -0.40660  -0.01349  -0.00598   0.00001  -0.00575   0.03928
   0.95959   0.69511   0.06356  -0.14180   0.00676  -0.00069   0.01310  -0.02083
  -0.38392  -0.28098   0.03053   0.09118  -0.01323   0.00001   0.00090   0.00020
   0.71968   0.60499  -0.21380   0.02489  -0.22334  -0.00102   0.01673  -0.00379
   1.66599   0.73455  -0.11589  -0.13448  -0.15376  -0.00060   0.00014   0.18223
  -1.34631  -0.62465  -0.08244  -0.00076  -0.02168   0.00061   0.02754  -1.31004
  -1.64320  -1.73578  -0.90486  -0.48208   0.14734   0.00002   0.00044   0.00345
   0.24108   0.12030  -0.18900  -0.10634   0.00582   0.00348  -0.03912  -0.03523
   0.51533   0.38551   1.19191   0.77123   0.09055   0.00007   0.00177   0.00458
  -0.94097  -0.61364  -0.15016  -0.24507  -0.11720  -0.00005  -0.00903   0.07448

 Columns 345 through 352:

   0.34910  -0.91805  -1.31719  -0.69159  -0.00301  -0.01881  -0.26002  -0.04249
   0.01230  -0.54353  -1.40123  -1.32080   0.35035   0.63584   0.54602  -0.77402
  -0.08333  -0.67750  -1.38647  -1.33807  -0.49449  -0.16444  -0.18566   0.00096
  -0.36621  -0.61411  -0.07659  -1.73341  -0.80054  -0.70546  -0.90691  -2.12017
   0.40220   0.82804   1.72636   3.77648   1.95404  -1.72350  -2.20501   0.16321
  -1.22119   0.24273  -1.23450  -2.57495  -0.95647   0.94712   1.34061   0.73048
  -0.07304  -0.54271  -1.00607  -0.40486   0.14002  -0.69056  -1.12518  -0.24410
  -0.09389  -0.36054  -0.45595   0.12232   0.01318   0.62055  -0.29204  -0.05517
  -0.20293  -0.73697  -1.57801  -1.64315  -0.83328  -0.11936  -0.82821  -1.16981
   0.41607  -0.79554  -0.97262  -0.01973   0.11812   0.01210   0.49774   0.86605

 Columns 353 through 360:

  -0.11581  -0.32278   0.48050   2.29958   2.54100   0.58827  -0.20905  -0.01333
  -0.01423   1.00382   0.26967   0.30416   0.35996   0.07945  -0.09038  -0.02203
   0.27271  -0.31383  -0.68264  -0.54932  -0.44223  -0.05419  -0.05510  -0.01147
  -1.23575   0.12951  -1.23214  -0.77901  -0.37419   0.23746   0.26576   0.23700
   1.32838   1.27448   0.81083   0.78536   0.66361   0.10375  -0.06183  -0.00120
  -0.69730  -1.37829  -0.52376  -0.87612  -0.82456  -0.32709   0.00737   0.00114
  -0.22592  -0.44862   0.55945  -0.06041  -0.19721  -0.14468  -0.05766  -0.04353
   0.28564   0.01411  -0.19867  -0.12603  -0.19804  -0.10099  -0.01750  -0.03450
  -1.32031  -1.12138  -0.24849   0.68603   0.53993   0.07424   0.08582   0.11676
   0.52432  -0.67162  -1.04444  -1.09827  -0.83360  -0.41465   0.00090  -0.01821

 Columns 361 through 368:

   0.00035  -0.00000   0.00075   0.00249  -0.09347  -0.35373  -0.13878  -0.16208
   0.00183   0.00003  -0.00082  -0.00461   0.10259  -0.02071  -0.46096  -0.51159
   0.00097  -0.00000  -0.00003   0.00167  -0.00190  -0.11715  -0.40269  -0.31687
  -0.00561  -0.00000   0.00086  -0.00163  -0.07089  -0.29279   0.82273   0.59476
   0.02084  -0.00000  -0.00699   0.00629   0.68604   1.10645   0.82601   2.72565
   0.00279  -0.00000   0.00112   0.00043   0.10370   0.73823  -0.26809  -0.73786
  -0.04294  -0.00000   0.00000   0.00027   0.00630  -0.10292  -0.49229  -0.51755
   0.00714  -0.00014   0.00169  -0.00178   0.05696  -0.32526  -0.81938  -0.86100
  -0.00072  -0.00000  -0.00003   0.00095   0.01010  -0.18173  -0.94983  -0.76574
  -0.00078  -0.00000   0.00046   0.00343  -0.02776  -0.79818  -0.85345  -0.36315

 Columns 369 through 376:

   0.60567   0.45667  -0.12411   0.24210   0.03021  -0.10258  -0.00343   0.49545
  -0.03711   0.73223   0.50690   0.28448   1.74408   1.24252   0.59914   0.24961
  -0.09862  -0.01952   0.01038   0.00681  -0.02947  -0.07039  -0.03190  -0.07341
   0.15373  -0.77264  -0.94453  -0.61215  -1.50251  -1.14298  -0.19838  -0.03547
   3.37348   1.14058  -0.04691  -0.27209  -0.22888  -0.06215  -0.00690  -0.46187
  -0.20081  -0.98093  -0.29946   1.11092  -0.00419  -0.47291  -0.24577  -0.21395
  -0.17532  -0.03394  -0.03352   0.37121   0.02871  -0.08228  -0.00395   0.01133
  -0.48310  -0.11701   0.02871  -0.11355  -0.29309  -0.27715  -0.21535  -0.27811
  -0.26888  -0.24542  -0.11750   0.04461  -0.16342  -0.23298  -0.05068  -0.00912
  -0.13157  -0.06468  -0.15783  -0.14450  -0.31297  -0.43427  -0.11135   0.02503

 Columns 377 through 384:

   1.60898   0.42048  -0.04283   0.00077   0.00007   0.00000  -0.00004   0.00107
   0.06392   0.03073   0.00856   0.00124  -0.00012   0.00000   0.00002   0.00074
  -0.02661   0.00184   0.00252   0.00007   0.00002   0.00000  -0.00000   0.00002
   0.03625   0.01228  -0.00974  -0.01113   0.00192   0.00000  -0.00008   0.00228
  -0.28818  -0.04114   0.00811   0.00115  -0.00007   0.00000   0.00060  -0.00802
  -0.06319  -0.01412   0.00350   0.00008  -0.00000   0.00000  -0.00015  -0.00285
   0.01427   0.01871   0.01122   0.00744   0.00187   0.00000  -0.00000   0.00000
  -0.07475   0.00388   0.00229   0.00222  -0.00047   0.00000  -0.00002  -0.00142
  -0.06745  -0.04538  -0.01186  -0.00942  -0.00138   0.00000  -0.00000   0.00002
   0.03517   0.01646   0.00118   0.00337   0.00119   0.00000  -0.00002  -0.00018

 Columns 385 through 392:

  -0.00575   0.00774  -0.00562   0.00572  -0.05803  -0.05137   0.00390   0.04302
  -0.00827  -0.02666   0.00662   0.02213  -0.01313   0.02451   0.08488   0.17567
  -0.00006   0.00543   0.02939   0.01835   0.00622   0.00178  -0.00110   0.00873
   0.00296  -0.26157  -0.23401  -0.25616  -0.02961  -0.09520  -0.13896  -0.07258
   0.00500   0.05442  -0.20508   0.06409   0.21263   0.13894  -0.00910  -0.01656
  -0.00030   0.80824   0.50887  -0.17016   0.02096  -0.03123  -0.14571  -0.18219
   0.00150  -0.01993  -0.04879  -0.07354  -0.00843  -0.00659  -0.00227  -0.03525
   0.01671  -0.01502   0.04656   0.08199   0.00332   0.02473   0.00964  -0.02410
   0.00276  -0.04077  -0.12588  -0.04132   0.01875   0.00472   0.00379   0.00778
   0.01445  -0.17706  -0.01837  -0.06091  -0.00164   0.00967   0.01426   0.00907

 Columns 393 through 400:

   0.00170   0.05799   0.30605  -0.01425  -0.14667  -0.03657   0.00453   0.00000
   0.38906   0.30847  -0.01581   0.03030   0.00844   0.01533   0.00423  -0.00048
   0.01528   0.00084  -0.00982  -0.00255  -0.00334   0.00049  -0.00003   0.00000
  -0.21017  -0.27707  -0.01369   0.00766  -0.00379  -0.00255   0.00021   0.00001
  -0.11169  -0.13985  -0.02795  -0.07781  -0.01298   0.00457  -0.00036  -0.00000
  -0.20675  -0.11249  -0.02253  -0.02739  -0.00658   0.00202  -0.00028   0.00001
  -0.01015  -0.00376  -0.01247  -0.00226  -0.00239  -0.00292  -0.00062   0.00008
  -0.06393  -0.06311  -0.03439  -0.03072  -0.01297   0.00075  -0.00012   0.00001
  -0.05388  -0.10310  -0.02524   0.00133   0.00333   0.00105  -0.00080   0.00006
   0.02414   0.03776   0.01257   0.00276   0.00477   0.00085  -0.00025   0.00001

 Column 401:

   0.00000
   0.00000
   0.00000
   0.00000
   0.00000
   0.00000
   0.00000
   0.00000
   0.00000
   0.00000

Program paused. Press enter to continue.
